23.270
23.199
23.436
23.391
23.079
23.065
23.062
23.193
23.175
23.029
23.193
22.995
23.155
23.405
23.516
23.108
23.273
23.437
23.373
23.210
23.016
23.096
23.226
23.130
23.173
23.097
23.387
23.204
23.237
23.154
23.218
23.196
23.353
23.132
23.289
23.191
23.193
22.936
22.983
23.322
23.193
23.060
23.369
23.255
23.161
23.098
23.402
23.220
23.106
23.128
23.400
23.272
23.319
23.168
23.015
22.983
22.865
23.318
23.134
23.041
23.156
23.113
23.218
23.163
23.037
23.229
23.159
23.110
23.000
23.222
23.006
23.153
23.052
23.294
22.995
23.370
23.244
23.489
23.176
23.176
23.289
23.310
23.186
23.380
23.129
23.168
23.484
23.308
23.114
23.255
23.134
23.136
23.063
23.108
23.029
23.077
22.873
23.298
23.171
23.107
23.382
23.274
23.132
23.182
23.876
23.185
23.198
23.021
23.061
23.111
22.969
23.139
23.161
23.087
23.078
23.315
23.035
22.761
23.222
23.387
23.658
23.111
23.095
23.129
23.099
23.289
23.176
23.301
23.014
22.933
23.161
23.220
23.323
23.084
23.105
22.975
23.250
23.093
23.144
23.170
23.172
23.386
23.067
23.333
23.332
23.018
23.116
23.105
23.075
23.161
23.189
23.194
23.040
23.039
23.198
23.022
23.442
23.413
23.112
23.485
23.267
23.095
23.137
23.034
23.040
22.892
23.286
23.057
23.340
23.082
23.119
23.225
23.025
23.215
23.178
22.881
23.325
23.203
23.365
22.923
23.455
23.152
23.079
23.264
23.316
23.391
23.221
23.556
23.480
23.526
23.387
23.510
23.203
23.583
23.746
23.588
23.635
23.448
23.514
23.740
23.521
23.445
23.743
23.881
23.672
23.820
24.102
24.143
23.889
24.121
24.183
24.120
24.052
23.903
24.053
24.062
24.263
24.191
24.138
24.514
24.326
24.165
24.107
24.437
24.388
24.169
24.393
24.263
24.625
24.529
24.617
24.441
24.661
24.511
24.708
24.776
24.868
24.792
24.658
24.807
24.952
24.975
24.883
25.080
24.772
24.980
25.099
25.102
25.101
25.072
25.088
25.141
25.241
25.252
25.351
25.274
25.332
25.362
25.326
25.584
25.503
25.549
25.439
25.582
25.642
25.445
25.815
25.648
25.670
25.643
25.679
25.777
25.867
25.897
25.765
25.714
25.746
25.835
26.010
25.882
25.921
25.990
25.992
26.088
26.172
26.074
26.282
26.181
26.076
26.214
26.125
26.346
26.249
26.133
26.268
26.420
26.237
26.389
26.475
26.429
26.298
26.540
26.582
26.776
26.481
26.550
26.620
26.472
26.643
26.615
26.692
26.699
26.748
26.712
26.817
26.792
26.726
27.093
26.986
27.235
26.845
26.877
26.761
27.189
26.975
27.146
27.253
27.114
27.169
27.203
27.107
27.185
27.429
27.282
27.195
27.249
27.048
27.626
27.324
27.272
27.182
27.374
27.433
27.308
27.338
27.745
27.600
27.546
27.577
27.462
27.663
27.775
27.514
27.928
27.828
27.948
27.923
27.694
27.868
27.635
27.949
27.618
28.295
28.118
27.700
28.039
27.920
28.006
27.972
28.074
28.089
28.137
28.238
28.237
28.021
27.899
28.694
28.291
28.100
28.494
28.116
28.086
28.285
28.544
28.252
28.270
28.377
28.433
28.328
28.509
28.576
28.310
28.341
28.391
28.494
28.572
28.578
28.389
28.278
28.505
28.635
28.520
28.448
28.363
28.804
28.799
28.900
28.786
28.777
29.043
28.916
28.818
28.958
28.882
28.819
28.843
28.973
29.084
28.875
29.066
29.237
29.083
29.109
29.166
29.036
29.162
29.117
29.222
29.013
29.297
29.071
29.054
29.435
29.487
29.334
29.265
29.472
29.218
29.318
29.342
29.428
29.491
29.232
29.355
29.500
29.573
29.550
29.460
29.471
29.684
29.494
29.744
29.531
29.914
29.469
29.437
29.847
29.541
29.466
29.969
29.541
29.724
29.800
29.691
29.826
29.757
29.969
29.819
29.689
29.796
30.074
29.943
29.997
30.045
29.896
29.746
30.031
29.870
30.234
30.006
29.775
29.876
30.163
30.098
30.054
30.213
30.216
30.168
30.026
30.161
30.234
30.029
30.330
30.139
30.238
30.302
30.378
30.323
30.546
30.179
30.230
30.292
30.221
30.315
30.419
30.392
30.319
30.512
30.417
30.247
30.576
30.503
30.713
30.545
30.667
30.624
30.513
30.557
30.393
30.522
30.628
30.623
30.679
30.577
30.696
30.751
30.578
30.690
30.752
30.730
30.801
30.733
30.675
30.784
30.620
30.938
30.850
31.051
30.883
30.795
30.899
30.942
30.930
30.862
30.848
30.855
31.053
30.920
31.114
31.114
31.084
31.097
31.019
31.119
31.090
31.027
31.105
31.055
31.193
31.030
31.162
31.243
31.260
31.217
31.128
30.926
31.155
31.382
31.304
31.248
31.318
31.314
31.099
31.245
31.446
31.309
31.246
31.396
31.387
31.412
31.380
31.243
31.463
31.430
31.260
31.331
31.447
31.321
31.545
31.399
31.321
31.375
31.237
31.647
31.461
31.572
31.291
31.491
31.467
31.316
31.547
31.474
31.465
31.543
31.461
31.681
31.479
31.429
31.514
31.616
31.533
31.436
31.570
31.812
31.480
31.421
31.667
31.625
31.544
31.834
31.603
31.640
31.739
31.681
31.651
31.576
31.815
32.033
31.480
31.770
31.741
31.733
31.821
31.502
31.970
31.666
31.691
31.767
31.955
31.582
31.826
31.824
31.739
31.795
31.878
31.713
31.991
31.739
32.147
32.207
31.855
31.691
32.114
31.954
31.792
31.938
31.868
31.989
31.856
31.820
31.720
31.818
32.151
31.815
31.971
32.030
32.067
31.755
32.024
32.138
31.963
32.170
31.955
32.061
32.033
32.027
32.050
32.170
31.980
32.360
31.996
32.421
31.953
32.127
32.163
32.111
31.998
32.033
31.986
32.018
32.216
32.359
32.111
32.132
32.063
32.215
32.071
32.220
32.137
32.422
32.122
32.250
32.223
32.244
32.402
32.266
32.174
32.306
32.248
32.353
32.420
32.327
32.251
32.256
32.200
32.344
32.265
32.352
32.296
32.270
32.384
32.324
32.307
32.491
32.294
32.504
32.264
32.280
32.382
32.405
32.398
32.384
32.387
32.309
32.365
32.325
32.431
32.355
32.314
32.394
32.493
32.527
32.502
32.339
32.485
32.356
32.284
32.557
32.400
32.380
32.422
32.429
32.262
32.451
32.269
32.810
32.450
32.505
32.412
32.410
32.646
32.693
32.244
32.357
32.561
32.411
32.686
32.349
32.481
32.330
32.440
32.359
32.426
32.682
32.477
32.429
32.143
32.272
32.583
32.374
32.580
32.514
32.558
32.348
32.574
32.268
32.319
32.779
32.683
32.310
32.463
32.407
32.391
32.503
32.615
32.569
32.844
32.652
32.322
32.739
32.956
32.503
32.620
32.500
32.518
32.650
32.506
32.745
32.508
32.552
32.658
32.805
32.713
32.646
32.677
32.633
32.610
32.713
32.615
32.525
32.652
32.705
32.649
32.753
32.606
32.847
32.573
32.662
32.780
32.634
32.509
32.678
32.686
32.676
32.671
32.585
32.772
32.753
32.676
32.701
32.759
32.559
32.717
32.742
32.724
32.797
32.739
32.715
32.563
32.757
32.623
32.800
32.807
32.691
32.767
32.714
32.572
32.747
32.854
32.618
32.601
32.696
32.663
32.720
32.884
32.626
32.732
32.689
32.753
32.724
32.674
32.684
32.671
32.658
32.562
32.861
32.789
32.698
32.835
32.596
32.577
32.691
32.798
32.807
32.568
32.945
32.787
32.679
32.723
32.684
32.473
32.723
32.759
32.595
32.735
32.714
32.848
32.754
32.634
32.739
32.694
32.709
32.711
32.796
32.778
32.620
32.651
32.705
32.938
32.620
32.794
32.914
32.810
32.628
32.560
32.545
32.945
32.791
32.664
32.681
32.741
32.691
32.702
32.644
32.687
32.743
32.673
32.812
32.752
32.668
32.601
32.707
32.532
32.755
32.484
32.775
32.625
32.490
32.607
32.593
32.524
32.560
32.720
32.771
32.647
32.939
32.708
32.440
32.815
32.472
32.251
32.533
32.449
32.521
32.678
32.542
32.410
32.469
32.449
32.359
32.546
32.317
32.425
32.344
32.505
32.562
32.403
32.209
32.440
32.276
32.279
32.578
32.138
32.095
32.448
32.050
32.017
31.937
32.501
32.250
32.079
31.968
32.098
32.138
31.986
32.209
32.174
32.148
31.947
31.910
32.025
32.057
31.827
31.937
31.899
32.144
31.827
32.033
31.661
31.911
32.342
31.849
31.917
31.624
31.872
31.776
31.781
31.726
31.705
31.989
31.618
31.400
31.608
31.722
31.824
31.689
31.635
31.602
31.269
31.420
31.773
31.500
31.290
31.400
31.668
31.585
31.435
31.221
31.411
31.464
31.354
31.604
31.240
31.586
31.397
31.094
31.249
31.379
31.324
31.436
31.191
31.136
31.069
30.931
31.120
31.226
30.994
30.998
31.329
30.945
31.022
30.823
30.762
31.038
30.921
30.840
31.256
30.894
31.087
30.827
30.755
31.135
30.756
30.905
30.796
31.096
30.971
30.995
30.507
30.752
30.604
30.538
30.512
30.700
30.790
30.768
30.588
30.548
30.637
30.400
30.504
30.444
30.663
30.382
30.672
30.236
30.544
30.467
30.390
30.721
30.383
30.879
30.358
30.235
30.743
30.708
30.339
30.201
30.158
30.225
30.299
30.194
30.535
30.295
30.278
30.336
30.468
30.263
30.115
30.456
29.986
30.239
30.057
30.211
30.288
29.961
30.386
30.009
30.050
30.291
29.861
30.239
29.905
30.015
29.998
29.995
30.042
29.974
29.986
29.917
29.943
29.682
29.975
29.901
29.964
29.850
29.863
29.803
30.152
30.043
29.691
30.303
29.687
29.761
29.635
29.674
29.793
29.784
29.695
29.567
29.516
29.417
29.578
29.585
29.461
30.050
29.836
29.237
29.592
29.645
29.614
29.499
29.546
29.405
29.975
29.572
29.463
29.266
29.440
29.589
29.418
29.556
29.379
29.370
29.483
29.524
29.254
29.183
29.230
29.539
29.295
29.106
29.581
29.171
29.222
29.317
29.237
29.623
29.001
29.030
29.347
29.007
29.068
29.253
29.203
29.084
29.186
29.040
29.494
29.305
29.540
28.916
29.318
29.152
28.848
28.865
28.993
29.000
28.713
28.889
28.906
28.667
28.912
29.102
28.707
28.664
28.642
28.730
28.738
29.158
29.106
28.956
28.876
28.629
29.188
28.841
28.793
28.705
28.608
28.763
28.704
28.901
28.588
28.706
28.600
28.727
28.553
28.799
28.686
28.593
28.592
28.393
28.614
29.009
28.736
28.368
28.849
28.432
28.667
28.297
28.300
28.776
28.598
28.775
28.690
28.614
28.785
28.631
28.237
28.312
28.431
28.492
28.583
28.416
28.478
28.506
28.338
28.307
28.274
28.455
28.543
28.612
28.545
28.494
28.310
28.250
28.388
28.388
28.384
28.021
28.140
28.341
28.409
28.442
28.169
28.402
28.194
28.293
28.179
28.063
28.193
27.967
28.062
28.084
28.082
28.033
28.238
28.037
28.112
28.033
28.141
28.148
27.814
28.697
27.867
27.809
28.283
28.179
28.015
28.281
27.861
27.929
27.718
27.967
27.913
27.884
27.809
27.957
27.691
27.980
27.993
28.226
27.811
27.972
28.126
28.145
27.881
27.767
28.349
27.862
27.569
27.918
28.048
27.830
27.998
28.106
28.168
27.644
27.542
27.868
27.729
27.490
27.906
27.987
27.891
27.910
27.579
27.589
27.795
27.743
27.735
27.842
27.685
27.829
27.521
27.923
27.671
27.624
27.793
27.703
27.568
27.687
27.669
27.693
27.913
27.654
27.576
27.419
27.712
27.412
27.716
27.552
27.825
27.529
27.442
27.487
27.506
27.579
27.504
27.804
27.496
27.312
27.631
27.737
27.645
27.690
27.253
27.632
27.423
27.383
27.293
27.493
27.385
27.317
27.337
27.314
27.618
27.351
27.405
27.572
27.712
27.309
27.238
27.323
27.821
27.439
27.256
27.479
27.123
27.437
27.527
27.292
27.333
26.834
27.178
27.253
26.836
27.144
27.407
27.439
26.974
27.305
27.647
27.086
27.242
27.100
27.102
27.103
27.207
27.335
27.442
27.179
27.229
26.971
27.295
27.280
27.031
27.120
27.122
27.206
27.129
26.977
27.088
27.319
27.440
26.924
27.359
27.219
27.144
27.112
27.116
27.456
27.011
26.962
27.220
27.095
26.878
26.996
27.033
27.158
26.771
26.975
26.891
27.315
26.851
26.919
26.902
27.066
27.260
27.047
27.149
27.164
26.826
26.939
26.881
27.015
27.073
26.880
26.772
26.874
26.859
26.892
26.960
26.621
26.956
26.864
26.793
26.811
26.682
26.970
26.828
27.095
26.824
26.942
27.033
27.071
26.942
26.737
26.729
26.832
26.719
26.835
26.790
27.022
26.624
26.953
27.347
26.893
27.018
26.766
26.508
26.985
27.044
26.939
26.935
27.148
26.720
26.820
26.985
26.719
26.750
26.662
26.927
26.509
26.452
26.606
26.689
26.849
26.749
26.803
26.893
26.819
26.493
26.521
26.487
26.645
26.495
26.778
26.693
26.670
26.791
26.569
26.681
26.778
26.850
26.494
26.750
26.530
26.718
26.489
26.721
26.546
26.561
26.731
26.502
26.798
26.768
26.640
26.659
26.567
26.445
26.421
26.531
26.509
26.705
26.544
26.531
26.464
26.676
26.562
26.570
26.760
26.663
26.482
26.508
26.525
26.544
26.483
26.625
26.808
26.731
26.478
26.520
26.448
26.663
26.539
26.407
26.410
26.524
26.548
26.473
26.670
26.336
26.350
26.765
26.417
26.424
26.637
26.417
26.468
26.567
26.800
26.581
26.597
26.475
26.461
26.406
26.415
26.404
26.547
26.599
26.340
26.375
26.446
26.471
26.484
26.525
26.507
26.481
26.476
26.324
26.434
26.546
26.407
26.356
26.521
26.291
26.666
26.247
26.385
26.392
26.417
26.460
26.301
26.466
26.398
26.182
26.302
26.446
26.263
26.517
26.687
26.560
26.464
26.320
26.316
26.473
26.454
26.354
26.337
26.443
26.305
26.260
26.337
26.328
26.427
26.196
26.341
26.444
26.209
26.494
26.235
26.228
26.249
26.496
26.444
26.391
26.257
26.292
26.405
26.099
26.327
26.184
26.385
26.174
26.107
26.235
26.165
26.151
26.251
26.182
26.127
26.086
26.084
26.020
26.196
26.156
26.459
26.294
26.215
26.131
26.282
26.296
26.352
26.376
26.175
26.310
26.203
26.179
26.048
26.205
26.230
25.975
26.226
26.120
26.247
26.311
26.245
26.172
26.044
26.031
26.169
26.205
26.246
26.270
26.143
26.079
26.119
26.220
26.346
26.194
25.943
26.009
26.160
26.039
26.209
26.228
26.195
26.082
26.079
26.154
26.058
26.394
26.207
26.104
26.152
26.006
26.257
26.012
26.172
26.275
26.042
25.964
25.968
26.035
26.172
26.063
26.041
26.051
26.047
25.836
25.887
25.918
26.286
26.049
25.863
25.763
26.009
25.921
25.837
26.194
26.235
25.939
26.051
26.017
25.799
25.810
25.897
26.065
25.841
25.977
25.793
25.873
25.937
26.066
26.360
25.816
25.943
25.971
25.996
26.041
25.888
26.033
26.029
25.881
25.772
25.917
26.037
26.087
25.879
25.896
25.937
25.993
25.692
25.974
26.154
25.988
25.974
25.773
25.856
25.782
25.853
25.883
25.913
26.310
26.199
25.801
25.802
25.772
25.966
25.952
26.251
25.626
26.009
25.990
25.954
25.923
25.923
26.053
25.671
25.578
25.862
26.182
25.688
25.801
25.780
25.851
25.807
26.015
26.086
25.856
26.036
25.905
26.159
25.801
25.938
25.879
26.049
26.281
25.738
25.720
25.713
25.732
25.625
25.686
25.785
25.806
25.682
25.874
25.932
25.723
25.819
25.867
25.697
25.905
25.818
25.527
25.518
25.533
25.756
25.546
25.676
25.948
25.584
25.564
25.931
25.688
25.969
25.638
25.713
25.413
25.433
25.758
25.936
25.579
25.859
25.889
25.907
25.947
25.913
25.922
26.060
25.595
25.626
25.867
25.765
26.054
25.752
25.692
25.703
25.832
25.691
25.724
25.799
25.681
25.534
25.610
25.655
25.725
25.934
25.855
25.776
25.571
25.839
25.782
26.118
25.815
25.780
25.695
25.707
25.480
25.799
25.633
25.738
25.560
25.788
25.864
25.925
25.950
25.671
25.677
25.687
25.785
25.629
25.650
25.636
25.594
25.779
25.683
25.966
25.886
25.744
25.757
25.901
25.741
25.743
25.837
25.663
25.650
25.719
25.710
25.653
25.546
25.669
25.771
25.652
25.510
25.760
25.649
25.530
25.632
25.788
25.635
25.681
25.545
25.580
25.675
25.655
25.681
25.677
25.635
25.712
25.821
25.642
25.767
25.680
25.624
25.756
25.798
25.532
25.784
25.678
25.597
25.612
25.625
25.624
25.676
25.696
25.623
25.544
25.666
25.637
25.802
25.614
25.648
25.679
25.621
25.801
25.653
25.632
25.537
25.547
25.655
25.636
25.664
25.740
25.695
25.758
25.525
25.571
25.778
25.581
25.555
25.656
25.647
25.589
25.543
25.728
25.737
25.630
25.567
25.623
25.513
25.540
25.659
25.579
25.704
25.505
25.617
25.564
25.610
25.640
25.524
25.539
25.670
25.764
25.778
25.832
25.506
25.474
25.470
25.476
25.575
25.569
25.422
25.629
25.377
25.481
25.453
25.488
25.719
25.427
25.466
25.549
25.480
25.438
25.731
25.664
25.559
25.554
25.648
25.518
25.568
25.463
25.923
25.524
25.463
25.550
25.522
25.255
25.450
25.358
25.309
25.352
25.513
25.356
25.412
25.364
25.340
25.419
25.541
25.636
25.606
25.500
25.268
25.591
25.323
25.393
25.471
25.337
25.431
25.266
25.485
25.398
25.496
25.560
25.189
25.587
25.293
25.615
25.486
25.302
25.513
25.335
25.474
25.374
25.725
25.347
25.273
25.266
25.745
25.474
25.476
25.639
25.407
25.156
25.390
25.432
25.394
25.521
25.265
25.448
25.665
25.309
25.192
25.305
25.153
25.475
25.384
25.200
25.514
25.504
25.608
25.485
25.162
25.349
25.485
25.245
25.456
25.288
25.253
25.498
25.260
25.492
25.406
25.301
25.575
25.388
25.486
25.582
25.740
25.576
25.525
25.578
25.307
25.469
25.173
25.520
25.558
25.684
25.388
25.011
25.268
25.276
25.534
25.339
25.237
25.308
25.206
25.407
25.709
25.456
25.555
25.291
25.187
25.296
25.241
25.450
25.439
25.304
25.419
25.271
25.618
25.276
25.501
25.550
25.179
25.119
25.201
25.262
25.585
25.408
25.232
25.022
25.239
25.291
25.527
25.464
25.193
25.265
25.237
25.436
25.582
25.255
25.225
25.545
25.172
25.290
25.525
25.181
25.280
25.478
25.162
25.158
25.323
25.503
25.419
25.307
25.494
25.549
25.196
25.242
25.679
25.349
24.821
25.632
25.148
25.540
25.224
25.361
25.424
25.322
24.900
25.410
25.679
25.240
25.354
25.093
25.196
25.297
25.116
25.007
25.443
25.458
25.289
25.375
25.410
25.469
25.751
25.092
25.347
25.283
25.366
25.069
25.389
25.716
25.363
25.154
25.105
25.341
25.465
25.466
25.302
25.367
25.184
25.055
25.225
25.367
25.229
25.397
25.122
25.244
25.050
25.271
25.314
25.183
25.199
25.291
25.194
25.142
25.217
25.223
25.376
25.108
25.320
25.249
25.302
25.398
25.242
25.241
25.342
25.242
25.266
25.214
25.243
25.577
25.140
25.406
25.417
25.267
25.298
25.310
25.348
25.213
25.208
25.226
25.298
25.247
25.438
25.323
25.121
25.401
25.079
25.484
25.256
25.101
25.292
25.211
25.292
25.347
25.282
25.209
25.219
25.404
25.302
25.204
25.384
25.270
25.232
25.225
25.195
25.330
25.246
25.273
25.219
25.213
25.261
25.267
25.188
25.213
25.268
25.155
25.235
25.284
25.299
25.359
25.234
25.278
25.030
25.227
25.253
25.224
25.159
25.229
25.191
25.320
25.377
25.352
25.275
25.311
25.150
25.222
25.184
25.274
25.269
25.327
25.165
25.210
25.223
25.231
25.258
25.336
25.247
25.306
25.298
25.267
25.197
25.216
25.382
25.112
25.220
25.262
25.195
25.424
25.352
25.141
25.429
25.109
25.206
25.286
25.191
25.281
25.233
25.187
25.162
25.435
25.190
25.193
25.197
25.271
25.189
25.134
25.227
25.276
25.187
25.453
25.178
25.252
25.287
25.360
25.245
25.015
25.066
25.195
25.213
25.101
25.348
25.102
25.133
25.298
25.128
25.327
25.156
25.127
25.081
25.056
25.265
25.304
25.403
25.174
25.074
25.246
25.083
25.167
25.239
25.153
25.334
25.176
25.528
25.337
25.270
25.406
25.281
24.961
25.100
25.260
25.158
25.005
25.217
25.074
25.139
25.212
25.309
25.341
25.176
25.062
25.012
25.263
25.027
25.174
25.494
25.287
24.983
25.064
25.297
25.183
25.144
25.288
24.956
25.284
25.094
25.168
25.299
25.122
25.030
25.240
25.490
25.077
25.151
25.275
25.275
25.234
25.159
24.960
25.519
25.313
25.297
25.221
25.088
24.931
25.096
25.081
25.065
25.283
24.967
25.001
25.059
24.933
25.134
25.259
25.291
24.925
25.168
24.978
25.168
25.128
25.246
24.725
24.938
25.082
25.213
25.135
24.980
25.221
24.879
25.210
25.065
25.249
25.096
25.034
25.244
24.969
25.126
25.232
25.045
24.991
24.921
25.015
25.067
25.121
25.027
25.303
25.224
25.021
25.140
24.926
25.181
25.076
25.065
25.011
25.062
25.135
24.984
25.023
25.441
25.052
24.927
25.048
25.041
25.097
25.007
25.110
24.881
24.930
24.900
25.224
25.119
25.128
25.114
24.981
25.211
25.260
25.104
25.028
25.174
25.488
24.932
24.944
25.153
25.255
24.755
25.157
25.026
25.045
25.283
24.996
24.911
24.962
25.036
24.783
24.963
25.239
25.285
25.322
24.890
25.021
24.987
25.134
25.123
24.875
24.880
25.159
25.102
25.059
24.924
25.076
25.043
24.860
25.030
25.066
25.029
25.245
25.088
24.808
25.003
24.991
25.041
25.285
24.974
25.078
25.066
24.980
25.117
25.189
25.120
25.159
25.209
24.997
24.997
25.086
25.073
24.951
24.996
25.105
24.956
25.047
25.160
25.299
25.001
25.039
25.048
25.256
25.038
25.047
25.105
25.058
25.002
25.055
25.102
25.136
25.031
25.032
25.123
25.131
25.076
25.188
25.078
24.992
25.211
24.956
25.060
25.197
25.019
25.139
25.021
25.142
25.084
25.001
25.145
25.066
25.031
24.997
24.977
25.021
25.192
25.216
25.007
24.910
25.078
24.954
24.969
25.140
25.021
25.159
25.050
25.154
25.114
25.080
25.001
25.146
25.032
25.026
25.128
25.105
25.168
25.092
24.974
25.186
25.123
25.141
25.047
25.049
24.966
25.025
24.881
25.200
25.016
24.952
25.059
24.768
24.686
25.020
24.933
25.115
25.075
24.956
24.888
24.913
24.912
24.957
24.962
25.274
25.011
24.884
25.152
25.322
25.049
24.941
25.304
24.965
25.161
25.176
25.055
25.149
25.000
25.032
24.897
25.051
24.992
24.913
24.859
24.926
25.219
24.774
25.072
24.849
25.089
24.879
24.903
24.945
24.840
24.950
24.911
25.078
24.921
25.008
24.995
24.865
24.907
25.106
24.890
25.088
25.010
24.975
24.889
25.051
24.911
24.939
24.934
25.114
24.845
25.134
25.393
24.963
24.974
24.849
24.964
24.625
24.987
24.909
24.800
25.087
24.981
24.903
25.179
25.266
25.041
24.814
24.985
24.895
25.010
25.213
24.982
25.060
24.942
24.859
25.184
25.114
24.978
24.854
24.700
24.915
25.066
24.922
24.934
25.094
24.943
24.898
24.988
25.087
24.909
24.822
25.258
24.951
24.936
25.078
24.709
25.129
24.836
24.981
24.877
25.031
25.040
25.040
25.160
24.767
25.085
25.062
25.016
24.739
24.867
24.954
24.764
24.885
25.062
24.821
24.990
25.068
24.831
24.950
24.912
24.779
25.246
25.151
24.979
24.805
24.907
25.106
24.714
25.251
24.867
24.729
25.002
24.872
25.121
24.884
25.053
24.834
24.978
24.910
24.928
25.033
24.781
24.816
24.921
24.925
24.939
25.030
25.184
24.820
25.043
24.823
24.881
24.604
25.045
24.832
24.748
24.864
24.923
25.074
25.181
24.805
24.760
24.886
24.776
24.995
25.041
24.864
25.239
25.022
24.983
24.795
25.051
24.785
24.905
24.626
24.765
25.152
24.727
25.056
24.891
24.855
24.966
24.812
25.274
25.180
24.871
25.421
24.812
24.696
25.149
24.792
24.783
24.784
24.918
24.796
24.935
24.882
24.779
25.001
24.887
24.743
25.043
24.750
24.901
24.622
24.807
25.009
24.872
24.997
24.832
24.923
24.988
24.829
24.982
24.846
25.178
25.020
24.892
24.867
24.698
24.854
24.926
24.767
24.869
24.939
24.725
24.971
24.923
24.792
24.960
24.894
25.199
24.839
24.766
25.031
24.927
24.807
25.133
24.792
24.931
24.945
24.802
24.724
24.927
24.774
24.727
24.809
24.942
24.834
24.749
25.113
25.189
24.825
24.956
24.999
25.093
24.787
24.917
24.893
24.914
24.671
25.137
25.013
24.766
25.107
24.938
24.772
25.018
24.960
24.917
24.758
24.693
24.787
24.864
25.162
24.928
24.856
24.676
24.836
25.013
24.835
25.015
24.865
24.691
24.934
24.721
24.901
24.952
24.927
24.857
24.801
24.842
24.860
25.098
24.788
24.733
24.825
25.023
24.857
24.805
24.860
24.813
24.820
24.843
24.980
24.832
24.904
24.865
24.793
24.889
24.708
24.811
24.794
24.876
24.793
24.925
24.854
24.829
24.691
24.840
24.861
24.708
24.928
25.012
25.078
24.881
25.091
24.831
24.815
24.881
24.821
24.845
24.796
24.860
24.734
24.733
24.760
24.801
24.868
24.937
24.929
24.986
24.659
24.941
24.884
24.931
24.925
24.946
24.670
24.807
24.811
24.970
24.765
24.898
24.837
24.699
24.819
24.806
24.888
24.708
24.938
24.721
24.868
24.791
24.812
24.870
24.856
25.076
24.808
25.038
25.131
24.943
24.793
24.654
24.654
24.910
24.776
24.862
24.694
24.742
24.648
24.791
24.806
24.692
24.595
24.997
24.657
24.760
24.695
24.798
24.739
24.583
24.583
24.995
24.687
24.847
24.746
24.837
24.656
24.851
25.008
24.839
24.923
25.158
24.829
24.867
24.498
25.170
24.756
24.699
24.769
24.685
24.578
24.508
24.679
24.784
25.211
24.710
24.526
24.856
24.567
24.762
24.758
24.684
24.505
24.877
24.665
24.834
24.774
24.957
24.621
24.841
24.489
24.539
24.587
24.781
25.202
24.667
24.660
24.775
24.697
24.734
24.965
24.592
24.682
24.740
24.883
24.768
24.878
25.086
24.750
24.525
24.790
24.989
24.750
24.637
24.817
24.661
24.957
24.847
24.840
24.937
24.897
24.581
24.951
24.820
24.808
24.794
24.698
24.678
24.908
24.732
24.770
24.789
24.715
24.694
24.760
24.622
24.734
24.810
24.851
24.784
24.814
24.788
24.702
24.896
24.819
24.772
24.703
24.774
24.847
24.738
24.773
24.860
24.779
24.684
24.644
24.708
24.909
24.743
24.599
24.854
24.717
24.699
24.683
24.601
24.697
24.841
24.753
24.668
24.772
24.867
24.543
24.762
24.712
24.675
24.816
24.853
24.585
24.856
25.027
24.543
25.027
24.764
25.057
24.722
24.939
24.938
24.597
24.569
24.590
24.730
24.926
24.733
24.618
24.730
24.642
24.711
24.710
24.569
24.832
24.769
24.693
24.914
24.685
24.776
24.544
24.623
24.659
24.999
24.515
24.580
24.676
24.504
24.709
24.764
24.769
24.771
24.602
24.438
24.552
24.743
24.648
24.525
24.541
24.467
24.519
24.842
24.892
24.794
24.415
24.508
24.621
24.607
24.889
24.697
24.542
24.644
24.339
25.027
24.710
24.746
24.659
24.672
24.561
24.816
24.554
24.612
24.982
24.503
24.520
24.798
24.577
24.627
24.621
24.512
24.601
24.581
24.361
24.471
24.749
24.732
24.335
24.848
24.432
24.703
24.537
25.132
