23.195
22.972
22.973
22.968
22.805
23.083
23.152
22.939
23.054
23.010
22.951
22.963
22.805
23.403
23.085
23.110
23.076
23.048
22.988
23.068
23.217
23.215
23.018
22.916
23.490
23.268
23.253
23.070
23.011
22.981
23.020
23.315
23.112
23.197
23.045
23.064
23.027
23.285
23.195
23.019
22.951
23.052
22.959
23.054
23.108
23.292
22.994
23.053
23.254
23.031
23.127
23.008
23.173
23.419
22.951
22.974
23.308
23.470
23.054
23.044
22.885
23.177
23.100
23.196
23.538
23.113
23.252
22.977
23.105
22.919
23.348
23.066
23.500
23.023
22.948
23.027
22.956
23.083
22.901
23.072
23.072
23.001
23.289
23.034
23.222
23.044
22.885
22.883
23.127
22.961
22.977
23.238
23.129
23.067
22.935
23.189
23.078
23.114
23.024
23.153
22.994
22.983
22.836
22.987
23.176
23.253
23.108
23.013
23.179
23.122
23.028
23.184
23.148
23.284
22.942
23.189
22.992
22.910
23.178
22.856
23.170
23.172
22.973
23.192
22.848
23.290
22.991
23.265
23.101
23.234
23.210
23.043
23.143
23.017
23.040
23.009
22.968
23.140
23.045
22.940
22.949
22.914
23.077
22.975
23.378
22.935
23.216
23.127
23.262
23.015
22.952
23.212
23.053
23.091
23.230
23.072
22.932
23.008
22.965
22.957
22.900
23.057
23.116
23.282
23.039
22.684
23.060
22.734
23.073
23.004
22.931
22.797
23.474
22.906
22.906
22.998
23.037
22.850
22.894
22.887
22.755
22.593
22.563
22.701
22.945
22.493
22.798
22.587
22.697
22.753
22.492
22.502
22.576
22.606
22.673
22.674
22.547
22.334
22.343
22.405
22.573
22.249
22.313
22.393
22.327
22.262
22.365
22.301
22.171
22.473
22.174
22.220
22.432
22.166
22.083
22.092
22.118
22.007
22.217
22.201
22.138
22.184
22.078
22.034
22.112
21.905
22.147
21.859
21.763
21.875
21.833
21.873
21.786
21.680
21.811
21.735
21.626
21.722
21.690
21.824
21.658
21.584
21.626
21.767
21.484
21.606
21.494
21.498
21.594
21.505
21.549
21.484
21.490
21.368
21.315
21.392
21.423
21.224
21.326
21.233
21.318
21.227
21.323
21.282
21.195
21.300
21.195
21.088
21.143
21.121
21.175
21.187
21.056
20.891
21.015
20.943
21.053
21.060
20.774
20.939
20.906
21.037
20.869
20.956
20.818
20.892
20.705
20.759
20.810
20.829
20.808
20.674
20.588
20.587
20.727
20.712
20.597
20.647
20.556
20.456
20.600
20.645
20.390
20.483
20.529
20.319
20.317
20.544
20.824
20.522
20.292
20.167
20.494
20.312
20.513
20.521
20.300
20.167
20.455
19.997
20.200
20.263
20.184
19.989
20.017
20.076
19.962
20.248
20.068
19.995
20.162
19.972
20.018
19.933
19.978
19.995
20.118
19.810
19.992
20.043
19.977
20.084
19.904
19.882
19.963
19.722
19.894
20.060
19.654
19.884
19.756
19.759
19.755
19.688
19.905
19.728
19.737
19.847
19.851
19.564
19.695
19.599
19.632
19.729
19.661
19.515
19.706
19.654
19.544
19.437
19.579
19.466
19.576
19.544
19.629
19.503
19.471
19.432
19.621
19.264
19.606
19.641
19.483
19.514
19.447
19.441
19.329
19.216
19.493
19.373
19.298
19.724
19.173
19.346
19.255
19.194
19.242
19.172
19.411
19.336
19.474
19.089
19.204
19.293
19.519
19.379
19.090
19.256
19.292
19.032
18.954
19.179
19.231
19.172
19.071
18.994
19.128
19.270
19.068
18.979
19.195
19.252
19.015
19.108
19.259
18.971
19.641
18.912
19.210
19.155
19.010
19.051
18.902
19.174
19.133
19.168
19.103
18.969
18.926
18.867
18.866
18.854
19.027
18.953
18.824
18.840
18.823
18.944
19.032
18.798
18.844
18.823
18.984
18.966
18.811
19.190
18.829
18.955
18.955
18.767
18.906
18.866
18.933
18.897
18.739
19.021
18.707
18.695
19.057
18.985
18.719
18.925
18.704
18.824
19.011
18.844
18.945
19.117
18.632
18.809
18.820
18.798
18.748
18.764
18.731
18.551
18.736
18.729
18.632
18.897
18.773
18.729
18.808
18.918
18.870
18.840
18.781
18.649
18.609
18.701
18.740
18.643
18.866
18.737
18.599
18.989
18.792
18.742
18.729
18.686
18.528
18.629
18.499
18.622
18.598
18.986
18.748
18.640
18.543
18.614
18.695
18.830
18.580
18.597
18.730
18.574
18.720
18.646
18.716
18.672
18.513
18.593
18.712
18.693
18.657
18.523
18.534
18.563
18.601
18.746
18.647
18.532
18.647
18.657
18.593
18.660
18.526
18.721
18.619
18.498
18.520
18.470
18.670
18.600
18.695
18.634
18.651
18.640
18.653
18.685
18.658
18.622
18.474
18.504
18.705
18.693
18.646
18.607
18.549
18.533
18.550
18.512
18.633
18.517
18.504
18.443
18.488
18.583
18.517
18.554
18.508
18.521
18.543
18.438
18.486
18.588
18.422
18.403
18.404
18.520
18.444
18.634
18.509
18.583
18.591
18.536
18.481
18.491
18.490
18.450
18.456
18.355
18.335
18.393
18.569
18.501
18.487
18.483
18.444
18.503
18.423
18.470
18.659
18.385
18.511
18.497
18.326
18.385
18.273
18.261
18.523
18.470
18.486
18.277
18.430
18.693
18.277
18.419
18.479
18.350
18.398
18.482
18.493
18.292
18.383
18.244
18.344
18.294
18.385
18.363
18.447
18.309
18.532
18.413
18.239
18.552
18.406
18.225
18.511
18.407
18.492
18.318
18.432
18.672
18.179
18.520
18.256
18.341
18.502
18.385
18.419
18.282
18.281
18.313
18.200
18.458
18.288
18.201
18.394
18.196
18.362
18.238
18.438
18.298
18.362
18.231
18.484
18.198
18.207
18.397
18.512
18.340
18.301
18.228
18.516
18.379
18.308
18.274
18.379
18.295
18.371
18.218
18.437
18.427
18.444
18.387
18.293
18.362
18.247
18.295
18.711
18.557
18.421
18.327
18.271
18.381
18.456
18.459
18.364
18.452
18.373
18.434
18.348
18.474
18.513
18.368
18.390
18.482
18.355
18.474
18.473
18.392
18.577
18.297
18.518
18.411
18.511
18.567
18.515
18.432
18.503
18.350
18.485
18.448
18.435
18.595
18.366
18.339
18.371
18.427
18.527
18.405
18.475
18.467
18.457
18.509
18.518
18.372
18.464
18.506
18.453
18.565
18.461
18.523
18.547
18.526
18.334
18.401
18.406
18.470
18.514
18.381
18.535
18.299
18.437
18.722
18.464
18.525
18.558
18.575
18.431
18.601
18.726
18.555
18.452
18.168
18.409
18.633
18.666
18.682
18.471
18.401
18.279
18.476
18.558
18.791
18.546
18.580
18.622
18.445
18.562
18.538
18.715
18.467
18.610
18.535
18.658
18.468
18.685
18.349
18.641
18.718
18.592
18.916
18.672
18.529
18.429
18.493
18.569
18.472
18.626
18.673
18.494
18.499
18.517
18.511
18.781
18.564
18.594
18.614
18.570
18.513
18.630
18.597
18.678
18.530
18.621
18.586
18.621
18.745
18.693
18.675
18.697
18.656
18.592
18.757
18.651
18.571
18.735
18.614
18.685
18.662
18.727
18.739
18.744
18.645
18.716
18.826
18.781
18.711
18.583
18.657
18.699
18.757
18.739
18.747
18.709
18.771
18.747
18.718
18.800
18.754
18.861
18.796
18.673
18.730
18.806
18.764
18.598
18.859
18.855
18.839
18.708
18.765
18.858
18.814
18.723
18.781
18.700
18.890
18.789
18.887
18.871
18.816
18.896
18.737
18.943
18.854
18.816
18.837
18.807
18.857
18.914
18.907
18.855
18.886
18.986
18.772
18.972
18.801
18.897
18.893
18.701
18.737
18.780
18.896
18.933
18.930
19.041
18.902
18.892
18.695
18.876
18.819
19.163
18.958
18.967
18.819
18.779
19.078
18.975
18.974
19.073
18.882
18.910
18.854
19.046
18.973
18.871
18.903
19.154
19.046
19.152
19.031
18.978
19.057
19.034
19.285
19.225
19.142
18.983
19.005
19.074
18.857
19.037
18.915
19.270
18.953
19.055
19.273
19.130
19.132
19.081
19.182
19.208
19.275
19.008
19.334
19.515
19.376
19.188
19.351
19.024
19.332
19.126
19.469
19.414
19.201
19.086
19.284
19.201
19.586
19.383
19.482
19.382
19.577
19.551
19.524
19.475
19.574
19.454
19.790
19.765
19.592
19.704
19.548
19.485
20.031
19.706
19.689
19.779
19.869
19.526
19.488
19.950
19.678
19.957
19.740
20.056
19.750
19.614
19.780
19.953
20.045
19.933
19.825
19.585
19.927
19.698
19.874
20.287
20.148
20.018
19.870
19.954
20.217
19.994
20.212
20.291
20.079
20.156
20.087
20.360
20.282
20.030
20.002
20.297
20.021
20.345
20.188
20.017
20.654
20.202
20.180
20.100
20.437
20.404
20.495
20.160
20.393
20.516
20.350
20.095
20.426
20.543
20.596
20.549
20.439
20.285
20.646
20.543
20.388
20.648
20.615
20.473
20.800
20.618
20.885
20.505
20.812
20.692
20.912
20.684
20.441
20.583
20.676
20.903
20.876
20.672
20.850
20.785
20.812
20.758
20.836
20.762
20.818
21.012
20.946
20.921
20.954
20.966
21.044
20.859
21.065
20.931
20.755
21.188
21.027
21.071
20.911
21.162
21.089
21.085
21.052
21.136
20.905
21.214
21.004
20.906
21.183
21.029
21.187
21.186
21.227
21.162
21.234
21.091
20.977
20.999
21.168
21.308
21.102
21.188
21.255
21.312
21.236
21.476
21.567
21.440
21.493
21.482
21.335
21.425
21.443
21.211
21.473
21.635
21.388
21.500
21.406
21.538
21.534
21.665
21.897
21.260
22.092
21.427
21.569
21.425
21.556
21.725
21.345
21.590
21.764
21.991
21.812
21.765
21.622
21.878
21.812
21.830
21.607
21.734
21.901
21.654
21.567
21.686
21.908
21.928
21.710
21.536
21.956
21.797
21.733
21.851
21.790
21.887
21.906
21.707
21.933
21.894
21.886
21.977
21.818
22.059
22.011
22.154
21.857
22.049
22.105
22.202
22.120
21.790
22.153
21.942
22.008
21.994
21.978
21.920
22.241
22.052
22.213
22.137
22.016
22.180
22.386
22.086
22.070
22.112
22.153
22.037
22.196
22.171
22.165
22.605
22.237
22.436
22.595
22.581
22.130
22.193
22.190
22.332
22.171
22.468
22.340
22.495
22.586
22.360
22.168
22.408
22.433
22.393
22.698
22.715
22.285
22.482
22.402
22.542
22.631
22.576
22.403
22.383
22.686
22.267
22.810
22.487
22.392
22.666
22.537
22.625
22.555
22.903
22.516
22.523
22.622
22.394
22.619
22.468
22.612
22.670
22.729
22.850
22.814
22.769
22.763
22.719
22.561
22.768
22.849
22.753
22.981
22.780
22.663
22.808
22.663
22.706
22.799
22.775
22.710
22.597
22.809
22.633
22.658
23.185
22.885
22.787
22.639
22.889
22.938
22.870
23.047
22.647
22.899
22.704
22.893
22.836
22.704
22.725
23.014
22.827
22.970
23.310
22.845
22.895
23.159
22.782
22.910
23.119
23.068
23.178
22.853
22.793
22.836
23.221
23.296
23.099
23.016
23.228
22.854
22.955
23.050
23.043
23.091
23.144
23.355
23.056
23.105
23.255
23.456
23.180
23.017
23.363
23.308
23.344
23.163
23.129
23.243
23.023
23.206
23.172
23.161
23.126
23.311
23.310
23.430
23.437
23.298
23.362
23.378
23.146
23.299
23.392
23.223
23.136
23.621
23.125
23.158
23.398
23.527
23.318
23.282
23.270
22.992
23.443
23.452
23.230
23.481
23.460
23.424
23.486
23.345
23.275
23.487
23.240
23.312
23.265
23.224
23.209
23.639
23.414
23.375
23.255
23.495
23.492
23.628
23.619
23.527
23.572
23.585
23.211
23.255
23.550
23.658
23.564
23.765
23.473
23.331
23.687
23.745
23.525
23.283
23.859
23.652
23.558
23.633
23.823
23.261
23.703
23.601
23.464
23.515
23.830
23.782
23.401
23.602
23.422
23.521
23.898
23.659
23.868
23.537
23.585
23.674
23.620
23.500
23.676
23.560
23.757
23.597
23.789
24.071
23.526
23.634
23.780
23.691
24.002
23.706
23.888
23.469
23.673
23.593
23.602
23.492
23.904
23.799
23.736
23.656
23.585
24.072
23.875
23.800
23.577
23.713
23.763
23.961
23.687
23.907
23.569
23.639
23.534
23.809
23.747
23.874
23.668
23.689
23.784
23.807
23.906
24.068
23.872
23.776
23.780
23.888
23.733
23.921
23.980
23.903
23.739
23.821
23.723
24.196
24.112
23.966
23.708
23.897
23.975
23.981
23.901
23.628
23.950
23.797
23.855
24.014
23.858
23.812
24.087
23.848
24.110
24.130
23.861
23.740
23.751
24.062
23.868
23.946
24.013
23.966
23.862
23.808
23.700
23.860
23.795
23.988
24.195
24.230
24.238
23.831
23.840
23.871
24.102
23.717
23.861
23.908
23.928
24.009
24.056
23.978
23.896
24.089
24.120
24.067
24.002
24.240
24.130
24.076
24.159
24.160
23.939
24.030
23.912
24.020
24.118
23.933
24.099
23.978
24.144
24.081
23.989
24.275
24.284
24.352
24.114
24.198
23.942
23.857
24.126
24.122
24.231
24.311
24.084
24.208
24.255
23.954
24.224
24.426
24.123
24.334
24.049
24.130
24.041
24.181
24.014
24.170
24.274
24.232
24.205
24.199
24.360
24.199
24.012
24.057
24.123
24.210
24.370
24.152
24.304
24.306
24.288
24.151
24.173
24.265
24.364
24.228
24.130
24.451
24.508
24.324
24.397
24.205
24.285
24.414
24.301
24.520
24.297
24.161
24.185
24.416
24.346
24.400
24.245
24.323
24.184
24.312
24.237
24.279
24.334
24.391
24.356
24.236
24.332
24.456
24.243
24.280
24.323
24.253
24.216
24.299
24.467
24.360
24.470
24.500
24.299
24.188
24.324
24.273
24.316
24.367
24.322
24.250
24.212
24.302
24.314
24.460
24.358
24.350
24.332
24.320
24.395
24.450
24.444
24.262
24.438
24.325
24.404
24.362
24.546
24.425
24.412
24.302
24.405
24.311
24.408
24.324
24.415
24.380
24.629
24.292
24.304
24.545
24.318
24.350
24.413
24.436
24.417
24.425
24.268
24.344
24.392
24.603
24.400
24.352
24.349
24.304
24.490
24.371
24.415
24.527
24.490
24.520
24.347
24.377
24.438
24.335
24.451
24.457
24.317
24.366
24.327
24.448
24.470
24.506
24.614
24.597
24.374
24.451
24.574
24.409
24.490
24.725
24.328
24.438
24.444
24.443
24.357
24.409
24.475
24.451
24.367
24.530
24.688
24.544
24.366
24.393
24.439
24.614
24.497
24.488
24.465
24.526
24.424
24.334
24.720
24.494
24.571
24.382
24.387
24.395
24.470
24.380
24.405
24.421
24.793
24.566
24.696
24.552
24.699
24.549
24.464
24.452
24.800
24.617
24.567
24.509
24.365
24.486
24.333
24.756
24.500
24.503
24.440
24.398
24.444
24.660
24.711
24.708
24.542
24.561
24.289
24.742
24.429
24.559
24.470
24.547
24.730
24.386
24.550
24.514
24.578
24.542
24.528
24.722
24.895
24.665
24.502
24.436
24.431
24.425
24.692
24.543
24.376
24.645
24.412
24.297
24.254
24.590
24.553
24.423
24.326
24.409
24.603
24.486
24.604
24.595
24.304
24.439
24.345
24.607
24.451
24.444
24.452
24.656
24.415
24.632
24.595
24.690
24.543
24.622
24.582
24.562
24.285
24.551
24.708
24.967
24.404
24.576
24.655
24.698
24.555
24.389
24.643
24.436
24.279
24.563
24.857
24.669
24.615
24.462
24.559
24.558
24.486
24.527
24.489
24.366
24.474
24.421
24.731
24.720
24.561
24.571
24.824
24.594
24.640
24.794
24.728
24.834
24.576
24.388
24.656
24.776
24.478
24.534
24.667
24.489
24.555
24.366
24.858
24.704
24.573
24.550
24.542
24.519
24.537
24.318
24.520
24.733
24.629
24.479
24.514
24.706
24.733
24.634
24.579
24.547
24.667
24.735
24.525
24.729
24.730
24.627
24.582
24.540
24.640
24.758
24.456
24.394
24.444
24.533
24.588
24.825
24.503
24.808
24.496
24.592
24.751
24.850
24.692
24.683
24.598
24.512
24.746
24.474
24.850
24.678
24.633
24.520
24.668
24.781
24.915
24.746
24.657
24.645
24.746
24.794
24.763
24.588
24.727
24.730
24.470
24.577
24.707
24.700
24.688
24.576
24.746
24.486
24.564
24.727
24.704
24.577
24.677
24.802
24.661
24.694
24.691
24.631
24.718
24.459
24.703
24.930
24.530
24.625
24.602
24.652
24.582
24.635
24.797
24.708
24.992
24.833
24.790
24.717
24.594
24.676
24.771
24.707
24.717
24.702
24.804
24.851
24.733
24.710
24.676
24.771
24.591
24.672
24.759
24.745
24.728
24.701
24.658
24.706
24.796
24.787
24.740
24.775
24.825
24.605
24.743
24.826
24.885
24.804
24.697
24.705
24.822
24.813
24.879
24.692
24.852
24.766
24.735
24.749
24.713
24.748
24.662
24.657
24.665
24.667
24.676
24.742
24.684
24.807
24.744
24.723
24.754
24.729
24.747
24.544
24.698
24.806
24.818
24.749
24.751
24.683
24.723
24.584
24.565
24.814
24.670
24.775
24.671
24.593
24.753
24.995
24.719
24.626
24.590
24.572
24.794
24.827
24.743
24.818
24.775
24.751
24.566
24.705
24.683
24.642
24.636
24.740
24.555
24.603
24.709
24.879
24.694
24.793
24.745
24.870
24.678
24.482
24.524
24.746
24.605
24.688
24.579
24.968
24.756
24.827
24.736
24.610
24.671
24.793
24.601
24.826
25.174
24.629
24.632
24.657
24.942
24.703
24.722
24.493
24.467
24.626
24.506
24.687
24.640
24.840
24.656
24.670
24.757
24.864
24.535
24.819
24.788
24.632
24.759
24.533
25.040
24.707
24.655
24.737
24.749
24.581
24.680
24.839
24.774
24.625
24.845
24.591
24.710
24.792
24.713
24.740
24.834
24.752
24.738
24.503
24.821
24.702
24.780
24.809
24.793
24.822
24.819
24.491
24.605
24.418
24.467
24.566
24.740
24.779
24.508
24.621
24.744
24.992
24.965
24.959
24.863
24.842
24.775
24.725
24.614
24.548
24.802
24.760
24.731
24.821
24.753
24.754
24.694
24.784
24.737
25.082
24.744
24.600
25.063
24.703
24.648
24.528
24.610
24.776
24.815
24.775
24.620
24.895
24.691
24.722
24.705
24.926
24.679
24.759
24.733
24.706
24.645
24.605
24.769
24.672
24.650
24.735
24.968
24.706
24.588
24.774
24.611
24.597
24.834
24.894
24.554
24.687
24.837
24.664
24.917
24.633
24.746
25.136
24.842
24.719
24.596
24.878
24.742
25.004
24.787
24.825
24.777
24.717
24.788
24.916
24.723
24.516
24.826
24.868
24.925
24.553
24.766
24.596
24.798
24.705
24.751
24.668
24.707
25.008
24.731
24.717
24.780
24.685
24.739
25.019
24.713
24.582
24.688
24.956
25.022
24.839
24.608
24.814
24.774
24.776
24.535
25.153
24.957
24.504
24.665
24.786
25.019
24.692
25.145
24.974
24.873
24.684
24.784
24.867
24.597
24.713
24.530
24.658
24.878
24.977
24.787
25.031
24.747
24.618
24.824
24.728
24.857
24.665
24.773
24.947
24.919
24.885
24.733
24.956
24.779
25.103
24.683
24.809
24.751
24.730
24.857
24.983
24.696
24.866
24.692
24.587
24.723
24.963
24.731
25.113
24.645
24.967
24.790
24.934
24.812
24.673
24.962
24.667
24.761
24.732
24.838
24.904
24.687
24.657
24.834
24.802
24.745
24.875
24.804
24.696
24.703
24.740
24.914
24.786
24.706
24.862
24.841
24.858
24.863
24.926
24.660
24.891
24.734
24.652
24.817
24.813
24.996
24.823
24.815
24.769
24.818
24.931
24.754
24.824
24.788
24.646
24.907
24.959
24.894
24.831
24.820
24.750
24.823
24.814
24.867
24.883
24.773
24.778
24.744
24.826
24.788
24.776
24.748
24.864
24.867
24.800
24.960
25.074
24.812
24.791
24.773
24.861
24.944
24.898
24.891
24.782
24.736
24.795
24.802
24.856
24.861
24.800
24.893
24.796
24.869
24.886
24.914
24.705
24.805
24.721
24.805
24.819
24.839
24.921
25.124
24.720
24.957
24.822
24.828
24.928
24.680
24.835
24.859
24.778
24.854
24.886
25.037
24.706
24.808
24.823
24.670
24.835
24.809
24.823
24.837
24.742
24.701
24.747
24.941
24.831
24.812
24.678
24.779
24.747
24.745
24.728
24.711
24.759
24.793
24.767
24.912
24.909
24.863
24.699
24.968
24.699
24.900
24.760
24.775
24.708
24.679
24.743
24.853
24.799
24.804
24.833
24.926
24.912
24.703
24.877
24.908
24.663
24.824
24.711
24.819
24.786
24.924
24.747
24.824
24.707
24.887
24.782
24.687
24.978
24.689
24.758
24.674
24.741
24.768
24.840
24.728
24.682
24.623
24.630
24.787
24.703
24.798
24.731
24.829
24.659
24.906
24.841
24.916
24.801
24.789
24.759
24.648
24.724
24.712
25.178
24.718
25.008
24.745
24.982
24.754
24.918
24.707
24.910
24.609
24.645
24.671
24.773
24.824
24.959
24.769
24.840
24.579
24.774
25.151
24.918
24.810
24.534
24.790
24.801
24.958
24.785
24.799
24.634
24.637
24.810
24.716
24.690
24.905
24.700
24.548
24.755
24.952
24.853
24.656
24.784
24.725
24.681
25.051
24.919
24.886
24.813
25.230
24.626
24.971
24.692
24.866
24.618
24.812
24.660
24.671
24.910
25.255
24.823
24.605
24.570
24.983
24.736
24.504
24.752
24.674
24.749
24.514
24.924
24.621
24.819
24.916
24.587
24.813
24.588
24.618
24.726
24.591
24.559
24.816
24.609
25.064
24.882
24.668
24.622
24.753
24.758
24.709
24.675
24.631
24.930
24.586
24.721
24.643
24.855
24.755
24.522
24.524
24.647
24.540
24.626
25.007
24.779
24.637
24.789
24.645
24.955
24.720
24.650
24.785
24.771
24.851
24.730
24.622
24.651
24.802
24.715
24.752
24.569
24.724
24.966
24.628
24.727
24.810
24.795
24.657
24.861
24.738
24.933
24.593
24.780
24.831
24.660
24.849
24.877
24.742
24.896
24.716
24.842
24.773
24.817
24.815
24.758
24.741
24.810
24.810
24.707
24.865
24.809
24.869
24.808
24.706
24.858
24.794
24.850
24.801
24.712
24.891
24.826
24.804
24.850
24.749
24.755
24.684
24.920
24.849
24.831
24.855
24.605
24.661
24.657
24.733
24.828
24.792
24.811
24.712
24.781
24.832
24.713
24.933
24.839
24.647
24.850
24.660
24.846
24.723
24.806
24.736
24.857
24.785
24.808
24.669
24.771
24.864
24.753
24.791
24.724
24.701
24.992
24.750
24.779
24.815
24.724
24.688
24.817
24.710
24.704
24.837
24.711
24.762
24.668
24.794
24.678
24.683
24.704
24.884
24.819
24.741
24.640
24.833
24.732
24.686
24.791
24.745
24.746
24.936
24.745
24.599
24.652
24.704
24.636
24.762
24.855
24.523
24.673
24.682
24.770
24.702
24.772
24.733
24.763
24.760
24.690
24.959
24.580
24.759
24.692
24.701
24.619
24.712
24.698
24.655
25.014
24.754
24.743
24.677
24.824
24.778
24.762
24.732
24.902
24.798
25.123
24.723
24.826
24.836
24.706
24.668
24.660
24.807
24.770
24.588
24.648
24.641
24.776
24.557
24.707
24.812
24.770
24.713
24.743
24.885
24.683
25.098
24.621
24.733
24.630
24.943
24.821
24.756
24.724
24.748
24.820
24.686
24.736
24.711
24.837
24.696
24.634
24.703
24.698
24.774
24.766
24.607
24.563
24.775
24.805
24.553
24.724
24.635
24.548
24.677
24.680
24.704
24.741
24.801
24.839
24.475
24.558
24.712
24.831
24.743
24.554
24.751
24.563
24.529
24.581
24.801
24.937
24.620
24.503
24.620
24.804
24.830
24.642
24.605
24.665
24.492
24.800
24.770
24.591
24.572
24.588
24.693
24.896
24.638
24.605
24.777
24.491
24.413
24.862
24.847
24.592
24.530
24.621
24.501
24.483
24.841
24.503
24.603
24.668
24.626
24.569
24.866
24.663
24.691
24.819
24.637
24.662
24.562
24.716
24.595
24.538
24.751
24.688
24.655
24.541
24.727
24.705
24.650
24.545
24.515
24.723
24.923
24.652
24.877
24.575
24.509
24.919
24.579
24.750
24.887
24.552
24.578
24.518
24.722
24.690
24.698
24.663
24.714
24.547
24.822
24.627
24.950
25.045
24.568
24.609
24.732
24.832
24.624
24.629
24.697
24.643
24.848
24.469
24.702
24.704
24.600
24.794
24.491
24.531
24.820
24.785
24.576
24.528
24.545
24.788
24.686
24.716
24.559
24.729
24.660
24.532
24.793
24.649
24.647
24.732
24.599
24.518
24.437
24.614
25.087
24.717
24.703
24.862
24.692
24.601
24.540
24.702
24.519
24.837
24.650
24.734
24.858
24.659
24.511
24.653
24.723
24.571
24.594
24.876
24.616
24.742
24.831
24.652
24.512
24.772
24.785
24.657
24.679
24.488
24.523
24.730
24.714
24.696
24.704
24.683
24.535
24.618
24.765
24.820
24.538
24.598
24.701
24.585
24.623
24.781
24.860
24.621
24.540
24.720
24.806
24.867
24.805
24.617
24.499
24.604
24.717
24.548
24.594
24.785
24.708
24.739
24.524
24.691
24.810
24.796
24.617
24.479
24.616
24.707
24.742
24.568
24.512
24.793
24.543
24.540
24.753
24.782
24.734
24.600
24.548
24.786
24.562
24.580
24.652
24.627
24.510
24.453
24.530
24.508
24.716
24.622
24.631
24.504
24.613
24.587
24.693
25.000
24.675
24.637
24.690
24.644
24.850
24.566
24.585
24.787
24.663
24.508
24.721
24.680
24.721
24.746
24.521
24.637
24.569
24.561
24.627
24.581
24.596
24.495
24.557
24.709
24.618
24.756
24.510
24.591
24.814
24.593
24.828
24.608
24.663
24.581
24.501
24.617
24.646
24.715
24.626
24.588
24.502
24.509
24.667
24.564
24.622
24.687
24.616
24.525
24.711
24.802
24.732
24.531
24.654
24.572
24.468
24.505
24.656
24.688
24.557
24.549
24.681
24.604
24.493
24.751
24.559
24.715
24.509
24.676
24.444
24.702
24.731
24.481
24.489
24.464
24.954
24.450
24.535
24.734
24.482
24.699
24.667
24.600
24.551
24.847
24.494
24.559
24.553
24.651
24.463
24.729
24.346
24.816
24.632
24.636
24.572
24.678
24.599
24.465
24.506
24.406
24.619
24.947
24.662
24.496
24.802
24.436
24.571
24.474
24.519
24.738
24.456
24.651
24.553
24.498
24.580
24.524
24.628
24.565
24.381
24.775
24.566
24.775
24.531
24.449
24.592
24.676
24.477
24.515
24.568
24.497
24.566
24.404
24.550
24.696
24.647
24.440
24.715
24.453
24.737
24.661
24.390
24.576
24.629
24.584
24.451
24.503
24.567
24.669
24.429
24.429
24.552
24.637
24.594
24.607
24.564
24.574
24.661
24.631
24.803
24.655
24.573
24.633
24.538
24.539
24.522
24.617
24.614
24.643
24.584
24.520
24.445
24.572
24.632
24.542
24.551
24.493
24.491
24.550
24.714
24.666
24.400
24.509
24.696
24.561
24.626
24.528
24.640
24.542
24.516
24.523
24.621
24.607
24.665
24.424
24.489
24.626
24.517
24.633
24.521
24.367
24.498
24.601
24.702
24.607
24.545
24.597
24.725
24.592
24.464
24.473
24.383
24.505
24.370
24.491
24.449
24.515
24.701
24.633
24.373
24.363
24.517
24.394
24.653
24.548
24.543
24.445
24.528
24.420
24.433
24.460
24.623
24.739
24.826
24.280
24.529
24.540
24.529
24.508
24.525
24.532
24.564
24.585
24.378
24.357
24.436
24.525
24.244
24.661
24.764
24.674
24.558
24.515
24.385
24.467
24.321
24.812
24.441
24.391
24.533
24.615
24.537
24.698
24.440
24.298
24.479
24.434
24.559
24.568
25.117
24.605
24.187
24.345
24.489
24.507
24.378
24.415
24.341
24.668
24.346
24.640
24.375
24.514
24.462
24.707
24.495
24.611
24.578
24.523
24.615
24.495
24.403
24.440
24.456
24.663
24.346
24.386
24.409
24.546
24.698
24.553
24.816
24.582
24.350
